144 15.2872 15.9371 144649 2148786 1 330 11 109230 50 16500 3 14 121 2.43313e-12
144 15.2872 15.9371 144649 2148786 1 300 10 90300 100 30000 2 21 121 9.96939e-13
144 15.2872 15.9371 144649 2148786 1 360 12 129960 28 10080 2 11 121 9.83739e-15
auto 16.2787 16.9863 448695 6629222 2 150 5 90900 50 15000 6 49 93 7.88408e-13
auto 16.2787 16.9863 448695 6629222 2 120 4 58320 100 24000 7 66 93 1.4931e-13
auto 16.2787 16.9863 448695 6629222 2 180 6 130680 28 10080 6 40 93 3.93874e-14
ca2010 1.30997e+07 1.39315e+07 710145 3489366 1 30 1 930 50 1500 5 3 1 6.28753e-16
ca2010 1.30997e+07 1.39315e+07 710145 3489366 1 30 1 930 100 3000 5 5 1 3.63436e-16
ca2010 1.30997e+07 1.39315e+07 710145 3489366 1 30 1 930 28 840 5 3 1 3.17085e-16
caidaRouterLevel 102.946 109.473 192244 1218132 1 30 1 930 50 1500 1 1 1 7.18881e-16
caidaRouterLevel 102.946 109.473 192244 1218132 1 30 1 930 100 3000 1 2 1 5.02195e-16
caidaRouterLevel 102.946 109.473 192244 1218132 1 30 1 930 28 840 2 1 1 1.44653e-15
coPapersDBLP 350.16 362.973 540486 30491458 1 30 1 930 50 1500 6 10 1 9.33859e-16
coPapersDBLP 350.16 362.973 540486 30491458 1 30 1 930 100 3000 5 18 1 1.14697e-15
coPapersDBLP 350.16 362.973 540486 30491458 1 30 1 930 28 840 5 6 1 6.6731e-16
delaunay_n20 7.16248 7.53183 1048576 6291372 1 30 1 930 50 1500 11 4 5 1.51297e-15
delaunay_n20 7.16248 7.53183 1048576 6291372 1 30 1 930 100 3000 13 6 5 8.97344e-15
delaunay_n20 7.16248 7.53183 1048576 6291372 1 30 1 930 28 840 11 3 5 5.88591e-15
fe_ocean 5.60712 5.96502 143437 819186 1 1020 34 1041420 50 51000 5 52 422 1.08323e-11
fe_ocean 5.60712 5.96502 143437 819186 1 960 32 922560 100 96000 5 55 422 1.52796e-10
fe_ocean 5.60712 5.96502 143437 819186 1 1080 36 1167480 28 30240 5 54 422 2.10054e-13
m14b 16.42 17.1345 214765 3358036 1 570 19 325470 50 28500 5 44 235 3.24121e-12
m14b 16.42 17.1345 214765 3358036 1 540 18 292140 100 54000 4 64 235 3.27472e-11
m14b 16.42 17.1345 214765 3358036 1 600 20 360600 28 16800 5 35 235 1.52632e-14
mn2010 1.57594e+07 1.67636e+07 259777 1227102 1 30 1 930 50 1500 2 1 1 5.36047e-16
mn2010 1.57594e+07 1.67636e+07 259777 1227102 1 30 1 930 100 3000 2 2 1 4.35692e-16
mn2010 1.57594e+07 1.67636e+07 259777 1227102 1 30 1 930 28 840 2 1 1 5.26927e-16
rgg_n_2_20_s0 25.3993 26.3878 1048576 13783240 2 30 1 3780 50 3000 14 11 1 5.95283e-16
rgg_n_2_20_s0 25.3993 26.3878 1048576 13783240 2 30 1 3780 100 6000 13 18 1 4.52254e-16
rgg_n_2_20_s0 25.3993 26.3878 1048576 13783240 2 30 1 3780 28 1680 14 8 1 6.95991e-16
