144 -5.72887494616718 15.9371447512796 50 1 1200 30
144 -5.72887494616718 15.9371447512796 100 1 1200 30
144 -5.72887494616718 15.9371447512796 -1 1 1200 30
auto -6.60176138055268 16.986339072711 50 2 1200 30
auto -6.60176138055268 16.986339072711 100 2 1200 30
auto -6.60176138055268 16.986339072711 -1 2 1200 30
ca2010 -13795090.8427606 13931456.6773759 50 1 1200 30
ca2010 -13795090.8427606 13931456.6773759 100 1 1200 30
ca2010 -13795090.8427606 13931456.6773759 -1 1 1200 30
caidaRouterLevel -108.105867310075 109.472948444399 50 1 1200 30
caidaRouterLevel -108.105867310075 109.472948444399 100 1 1200 30
caidaRouterLevel -108.105867310075 109.472948444399 -1 1 1200 30
coPapersDBLP -64.1378038791256 362.972962405095 50 1 1200 30
coPapersDBLP -64.1378038791256 362.972962405095 100 1 1200 30
coPapersDBLP -64.1378038791256 362.972962405095 -1 1 1200 30
delaunay_n20 -4.77965764563749 7.53182837318004 50 1 1200 30
delaunay_n20 -4.77965764563749 7.53182837318004 100 1 1200 30
delaunay_n20 -4.77965764563749 7.53182837318004 -1 1 1200 30
fe_ocean -5.96502439211329 5.96502418900307 50 1 1200 30
fe_ocean -5.96502439211329 5.96502418900307 100 1 1200 30
fe_ocean -5.96502439211329 5.96502418900307 -1 1 1200 30
m14b -6.68184470737634 17.1345042463483 50 1 1200 30
m14b -6.68184470737634 17.1345042463483 100 1 1200 30
m14b -6.68184470737634 17.1345042463483 -1 1 1200 30
mn2010 -16709162.2253389 16763587.0257889 50 1 1200 30
mn2010 -16709162.2253389 16763587.0257889 100 1 1200 30
mn2010 -16709162.2253389 16763587.0257889 -1 1 1200 30
rgg_n_2_20_s0 -6.56171595032359 26.3877912461998 50 2 1200 30
rgg_n_2_20_s0 -6.56171595032359 26.3877912461998 100 2 1200 30
rgg_n_2_20_s0 -6.56171595032359 26.3877912461998 -1 2 1200 30
