caidaRouterLevel -108.105867310075 109.472948444399 .42 -1 1 1200 30
caidaRouterLevel -108.105867310075 109.472948444399 .42 1 1 3600 30
mn2010 -16709162.2253389 16763587.0257889 .42 -1 1 1200 30
mn2010 -16709162.2253389 16763587.0257889 .42 1 1 3600 30
coPapersDBLP -64.1378038791256 362.972962405095 .50 -1 1 1200 30
coPapersDBLP -64.1378038791256 362.972962405095 .50 1 1 2400 30
ca2010 -13795090.8427606 13931456.6773759 .38 -1 1 1200 30
ca2010 -13795090.8427606 13931456.6773759 .38 1 1 1200 30
delaunay_n20 -4.77965764563749 7.53182837318004 .09 -1 1 1200 30
delaunay_n20 -4.77965764563749 7.53182837318004 .09 1 1 1200 30
rgg_n_2_20_s0 -6.56171595032359 26.3877912461998 .15 -1 1 1200 30
rgg_n_2_20_s0 -6.56171595032359 26.3877912461998 .15 1 1 1200 30
