caidaRouterLevel -108.106 109.473 0.42 192244 1218132 1 570 19 325470 10 5700 1.56049 9.63367 3.11472 20.6416 137 1.19712e-12
caidaRouterLevel -108.106 109.473 0.42 192244 1218132 1 780 26 609180 1 780 1.39206 15.7868 0.351381 42.4028 137 1.81478e-14
mn2010 -1.67092e+07 1.67636e+07 0.42 259777 1227102 1 360 12 129960 10 3600 1.87501 6.76898 1.55371 13.0192 79 3.00436e-13
mn2010 -1.67092e+07 1.67636e+07 0.42 259777 1227102 1 510 17 260610 1 510 1.87188 11.0352 0.150117 22.4621 79 1.9452e-14
coPapersDBLP -64.1378 362.973 0.5 540486 30491458 1 360 12 129960 9 3240 5.06987 14.2207 17.9458 43.9594 134 2.13466e-11
coPapersDBLP -64.1378 362.973 0.5 540486 30491458 1 630 21 397530 1 630 5.07671 32.0306 3.3021 62.148 134 5.79219e-14
ca2010 -1.37951e+07 1.39315e+07 0.38 710145 3489366 1 360 12 129960 10 3600 5.09934 18.4899 4.16649 34.1509 103 5.17699e-12
ca2010 -1.37951e+07 1.39315e+07 0.38 710145 3489366 1 570 19 325470 1 570 5.09652 35.6414 0.44862 57.3077 103 2.30483e-14
delaunay_n20 -4.77966 7.53183 0.09 1048576 6291372 1 150 5 22650 22 3300 11.0365 8.86242 4.96349 26.6637 35 1.81876e-13
delaunay_n20 -4.77966 7.53183 0.09 1048576 6291372 1 630 21 397530 1 630 11.0169 56.8625 0.632102 93.0446 35 9.7712e-14
rgg_n_2_20_s0 -6.56172 26.3878 0.15 1048576 13783240 1 120 4 14520 17 2040 13.0516 6.8959 5.06296 26.3904 24 3.21033e-10
rgg_n_2_20_s0 -6.56172 26.3878 0.15 1048576 13783240 1 420 14 176820 1 420 13.0441 31.829 0.829056 57.2212 24 4.08559e-08
