Ge87H76 112985 7892195 -1.21401869513491 32.7640938755056
Ge99H100 112985 8451395 -1.2264179165625 32.7030621702177
Si41Ge41H72 185639 15011265 -1.21358456496 49.8185577119791
Si87H76 240369 10661631 -1.19638398187684 43.0745564320369
Ga41As41H72 268096 18488476 -1.26931576954282 1300.93392368395
Laplacian 1000000 6940000 0.00290230098947793 11.9883943032914
Qdot3 186543 1286019 0.39335581961438 125.589018511557
144 144649 2148786 -5.72887494616718 15.9371447512796
auto 448695 6629222 -6.60176138055268 16.986339072711
ca2010 710145 3489366 -13795090.8427606 13931456.6773759
caidaRouterLevel 192244 1218132 -108.105867310075 109.472948444399
coPapersDBLP 540486 30491458 -64.1378038791256 362.972962405095
delaunay_n20 1048576 6291372 -4.77965764563749 7.53182837318004
fe_ocean 143437 819186 -5.96502439211329 5.96502418900307
m14b 214765 3358036 -6.68184470737634 17.1345042463483
mn2010 259777 1227102 -16709162.2253389 16763587.0257889
rgg_n_2_20_s0 1048576 13783240 -6.56171595032359 26.3877912461998
