Ga41As41H72 -0.64 0.0 201 200 3 1200 30
Ga41As41H72 -0.64 0.0 201 300 3 1200 30
Ga41As41H72 -0.64 0.0 201 400 3 1200 30
Ga41As41H72 -0.64 0.0 201 500 3 1200 30
Ga41As41H72 -0.64 0.0 201 -1 3 1200 30
Ge87H76 -0.645 -0.0053 212 50 3 1200 30
Ge87H76 -0.645 -0.0053 212 100 3 1200 30
Ge87H76 -0.645 -0.0053 212 150 3 1200 30
Ge87H76 -0.645 -0.0053 212 200 3 1200 30
Ge87H76 -0.645 -0.0053 212 -1 3 1200 30
Ge99H100 -0.65 -0.0096 250 50 3 1200 30
Ge99H100 -0.65 -0.0096 250 100 3 1200 30
Ge99H100 -0.65 -0.0096 250 150 3 1200 30
Ge99H100 -0.65 -0.0096 250 200 3 1200 30
Ge99H100 -0.65 -0.0096 250 -1 3 1200 30
Si41Ge41H72 -0.64 -0.00282 218 50 3 1200 30
Si41Ge41H72 -0.64 -0.00282 218 100 3 1200 30
Si41Ge41H72 -0.64 -0.00282 218 150 3 1200 30
Si41Ge41H72 -0.64 -0.00282 218 200 3 1200 30
Si41Ge41H72 -0.64 -0.00282 218 -1 3 1200 30
Si87H76 -0.66 -0.33 107 50 3 1200 30
Si87H76 -0.66 -0.33 107 100 3 1200 30
Si87H76 -0.66 -0.33 107 150 3 1200 30
Si87H76 -0.66 -0.33 107 200 3 1200 30
Si87H76 -0.66 -0.33 107 -1 3 1200 30
