Ge87H76 -0.645 -0.0053 212 112985 7892195 3 210 7 400050 50 31500 2.09 7.61999999999991 19.73 36.37 212 3.83552628996997e-14
Ge87H76 -0.645 -0.0053 212 112985 7892195 3 180 6 294300 100 54000 2.09 6.14999999999994 33.7 46.9 212 6.06236470312279e-13
Ge87H76 -0.645 -0.0053 212 112985 7892195 3 150 5 204750 150 67500 2.09 4.52999999999997 42.37 52.47 212 6.56329188104415e-14
Ge87H76 -0.645 -0.0053 212 112985 7892195 3 150 5 204750 200 90000 2.1 4.54999999999997 56.45 66.55 212 6.68258252647632e-14
Ge87H76 -0.645 -0.0053 212 112985 7892195 3 210 7 400050 49 30870 2.09 7.52999999999992 19.39 36 212 7.75889268304621e-14
Ge99H100 -0.65 -0.0096 250 112985 7892195 3 210 7 400050 50 31500 2.08 7.54999999999992 19.78 36.38 210 5.00690067621411e-14
Ge99H100 -0.65 -0.0096 250 112985 8451395 3 180 6 294300 100 54000 2.1 5.91999999999994 35.42 48.44 250 2.29217880593785e-12
Ge99H100 -0.65 -0.0096 250 112985 8451395 3 180 6 294300 150 81000 2.11 6.12999999999994 52.8899999999999 66.11 250 4.02719612326969e-13
Ge99H100 -0.65 -0.0096 250 112985 8451395 3 180 6 294300 200 108000 2.12 6.02999999999994 70.67 83.79 250 5.84707254246948e-14
Ge99H100 -0.65 -0.0096 250 112985 8451395 3 210 7 400050 49 30870 2.1 7.52999999999991 20.25 36.99 250 2.78260668528182e-13
Si41Ge41H72 -0.64 -0.00282 218 112985 8451395 3 210 7 400050 50 31500 2.1 7.49999999999992 20.7 37.37 250 3.00377034069001e-13
Si41Ge41H72 -0.64 -0.00282 218 112985 8451395 3 180 6 294300 100 54000 2.11 6.00999999999994 35.32 48.49 250 8.61059113810869e-13
Si41Ge41H72 -0.64 -0.00282 218 185639 15011265 3 180 6 294300 150 81000 6.04 9.87999999999992 93.5600000000001 116.28 218 2.50647717350632e-13
Si41Ge41H72 -0.64 -0.00282 218 185639 15011265 3 150 5 204750 200 90000 6.04 7.69999999999996 103.82 122.3 218 3.87156990966926e-13
Si41Ge41H72 -0.64 -0.00282 218 185639 15011265 3 180 6 294300 61 32940 6.06 9.78999999999992 38.12 60.82 218 5.85766402596017e-13
Si87H76 -0.66 -0.33 107 240369 10661631 3 150 5 204750 50 22500 4.25 9.79999999999995 24.45 43.97 107 1.58433714545681e-14
Si87H76 -0.66 -0.33 107 240369 10661631 3 90 3 74250 100 27000 4.25 4.83999999999998 29.41 40.64 107 2.8967996332355e-15
Si87H76 -0.66 -0.33 107 240369 10661631 3 120 4 131400 150 54000 4.24 7.27999999999998 58.61 73.67 107 6.92764095697938e-15
Si87H76 -0.66 -0.33 107 240369 10661631 3 90 3 74250 200 54000 4.24 4.85999999999999 58.7299999999999 69.96 107 4.87488000413203e-14
Si87H76 -0.66 -0.33 107 240369 10661631 3 90 3 74250 98 26460 4.23 4.84999999999999 28.8 40.01 107 1.5046065233603e-14
Ga41As41H72 -0.64 0 201 240369 10661631 3 180 6 294300 200 108000 4.24 12.7999999999999 117.34 142.17 222 1.45290768454512e-13
Ga41As41H72 -0.64 0 201 268096 18488476 3 180 6 294300 300 162000 9.03 13.4799999999999 246.99 277.83 201 2.9035572209882e-15
Ga41As41H72 -0.64 0 201 268096 18488476 3 180 6 294300 400 216000 9.04 13.4999999999999 329.26 360.17 201 2.84555301808787e-15
Ga41As41H72 -0.64 0 201 268096 18488476 3 180 6 294300 500 270000 9.04 13.4099999999999 411.71 442.49 201 1.30560037265756e-13
Ga41As41H72 -0.64 0 201 268096 18488476 3 180 6 294300 308 166320 9.06 13.4399999999999 253.58 284.43 201 1.76187628966407e-15
