Ge87H76 -10.0 100 50 3 1200 30
Ge87H76 -10.0 100 100 3 1200 30
Ge87H76 -10.0 100 -1 3 1200 30
Ge99H100 -10.0 100 50 3 1200 30
Ge99H100 -10.0 100 100 3 1200 30
Ge99H100 -10.0 100 -1 3 1200 30
Si41Ge41H72 -10.0 100 50 3 1200 30
Si41Ge41H72 -10.0 100 100 3 1200 30
Si41Ge41H72 -10.0 100 -1 3 1200 30
Si87H76 -10.0 100 50 3 1200 30
Si87H76 -10.0 100 100 3 1200 30
Si87H76 -10.0 100 -1 3 1200 30
Ga41As41H72 -10.0 100 50 3 1200 30
Ga41As41H72 -10.0 100 100 3 1200 30
Ga41As41H72 -10.0 100 -1 3 1200 30
Laplacian -10.0 100 200 3 1200 30
Laplacian -10.0 100 300 3 1200 30
Laplacian -10.0 100 -1 3 1200 30
Qdot3 -10.0 100 50 3 1200 30
Qdot3 -10.0 100 100 3 1200 30
Qdot3 -10.0 100 -1 3 1200 30
