Ge87H76 100 112985 7892195 3 90 3 74250 50 13500 2 16 103 2.76848e-13
Ge87H76 100 112985 7892195 3 120 4 131400 100 36000 2 38 185 1.96744e-12
Ge87H76 100 112985 7892195 3 120 4 131400 92 33120 2 36 103 1.56104e-12
Ge99H100 100 112985 8451395 3 90 3 74250 50 13500 2 17 117 2.91714e-13
Ge99H100 100 112985 8451395 3 90 3 74250 100 27000 2 30 107 8.88699e-13
Ge99H100 100 112985 8451395 3 90 3 74250 92 24840 1 27 110 7.22215e-13
Si41Ge41H72 100 185639 15011265 3 90 3 74250 50 13500 5 28 128 1.8554e-13
Si41Ge41H72 100 185639 15011265 3 90 3 74250 100 27000 5 51 116 1.24064e-12
Si41Ge41H72 100 185639 15011265 3 120 4 131400 118 42480 6 80 200 3.63156e-12
Si87H76 100 240369 10661631 3 90 3 74250 50 13500 4 28 108 1.65525e-13
Si87H76 100 240369 10661631 3 150 5 204750 100 45000 4 89 219 4.48698e-12
Si87H76 100 240369 10661631 3 120 4 131400 134 48240 4 90 119 4.50502e-12
Ga41As41H72 100 268096 18488476 3 390 13 1374750 50 58500 8 207 115 7.38586e-16
Ga41As41H72 100 268096 18488476 3 270 9 660150 100 81000 8 215 145 4.73006e-16
Ga41As41H72 100 268096 18488476 3 240 8 522000 141 101520 8 254 105 4.61289e-16
Laplacian 100 1000000 6940000 3 150 5 204750 200 90000 21 166 178 1.2695e-11
Laplacian 100 1000000 6940000 3 120 4 131400 300 108000 21 178 121 1.81213e-11
Laplacian 100 1000000 6940000 3 120 4 131400 273 98280 21 166 139 1.93342e-11
Qdot3 100 186543 1286019 3 120 4 131400 50 18000 3 12 134 5.04893e-15
Qdot3 100 186543 1286019 3 180 6 294300 100 54000 3 28 108 1.33174e-13
Qdot3 100 186543 1286019 3 150 5 204750 118 53100 2 24 209 2.50936e-13
